Serial No. Size       Plain loop time (float)        Plain loop time (double)      
1          1000000    0.005056                       0.005040                      
2          2000000    0.010265                       0.010154                      
4          4000000    0.020421                       0.020326                      
8          8000000    0.041208                       0.041163                      
16         16000000   0.082581                       0.082867                      
32         32000000   0.164341                       0.164414                      
64         64000000   0.328551                       0.330169                      
128        128000000  0.658576                       0.659611                      
256        256000000  1.315839                       1.318712                      
512        512000000  2.632046                       2.637262                      
1024       1024000000 5.256386                       5.272334                      
