Serial No. Size       Plain loop time (float)        Plain loop time (double)      
1          1000000    0.000668                       0.001098                      
2          2000000    0.001266                       0.002025                      
4          4000000    0.002204                       0.004011                      
8          8000000    0.004209                       0.007929                      
16         16000000   0.008230                       0.015749                      
32         32000000   0.016223                       0.031611                      
64         64000000   0.032083                       0.063076                      
128        128000000  0.063923                       0.131036                      
256        256000000  0.129352                       0.264752                      
512        512000000  0.261679                       0.531976                      
1024       1024000000 0.530393                       0.997978                      
