Serial No. Size       AVX2 time (float)              AVX2 time (double)            
1          1000000    0.000700                       0.001188                      
2          2000000    0.001281                       0.002170                      
4          4000000    0.002340                       0.004308                      
8          8000000    0.004290                       0.008502                      
16         16000000   0.008786                       0.017085                      
32         32000000   0.017459                       0.033924                      
64         64000000   0.034335                       0.067678                      
128        128000000  0.068521                       0.141775                      
256        256000000  0.142664                       0.286107                      
512        512000000  0.286372                       0.575340                      
1024       1024000000 0.576811                       1.092416                      
