Serial No. Size       AVX2 time (float)              AVX2 time (double)            
1          1000000    0.000683                       0.001139                      
2          2000000    0.001291                       0.002068                      
4          4000000    0.002287                       0.004134                      
8          8000000    0.004166                       0.008138                      
16         16000000   0.008400                       0.016288                      
32         32000000   0.016690                       0.032357                      
64         64000000   0.032850                       0.064789                      
128        128000000  0.065408                       0.135887                      
256        256000000  0.136279                       0.273474                      
512        512000000  0.273688                       0.548607                      
1024       1024000000 0.552239                       1.031665                      
