Serial No. Size       Plain loop time (float)        Plain loop time (double)      
1          1000000    0.000664                       0.001134                      
2          2000000    0.001244                       0.002088                      
4          4000000    0.002223                       0.004154                      
8          8000000    0.004221                       0.008338                      
16         16000000   0.008191                       0.016415                      
32         32000000   0.016134                       0.032779                      
64         64000000   0.031945                       0.065307                      
128        128000000  0.063720                       0.137032                      
256        256000000  0.128818                       0.278091                      
512        512000000  0.261224                       0.560342                      
1024       1024000000 0.531793                       1.033031                      
