Serial No. Size       AVX2 time (float)              AVX2 time (double)            
1          1000000    0.000717                       0.001203                      
2          2000000    0.001275                       0.002155                      
4          4000000    0.002352                       0.004294                      
8          8000000    0.004254                       0.008502                      
16         16000000   0.008760                       0.017058                      
32         32000000   0.017363                       0.033926                      
64         64000000   0.034219                       0.067860                      
128        128000000  0.068422                       0.142252                      
256        256000000  0.142424                       0.286606                      
512        512000000  0.286616                       0.574652                      
1024       1024000000 0.577208                       1.081610                      
