Serial No. Size       Plain loop time (float)        Plain loop time (double)      
1          1000000    0.000749                       0.001127                      
2          2000000    0.001482                       0.002054                      
4          4000000    0.002759                       0.004116                      
8          8000000    0.005363                       0.008106                      
16         16000000   0.010955                       0.015979                      
32         32000000   0.020851                       0.031934                      
64         64000000   0.041510                       0.063782                      
128        128000000  0.083328                       0.133569                      
256        256000000  0.166975                       0.270525                      
512        512000000  0.351381                       0.545849                      
1024       1024000000 0.681271                       1.005147                      
