Serial No. Size       AVX2 time (float)              AVX2 time (double)            
1          1000000    0.000780                       0.001469                      
2          2000000    0.001563                       0.002865                      
4          4000000    0.002990                       0.005799                      
8          8000000    0.005916                       0.011608                      
16         16000000   0.011623                       0.023023                      
32         32000000   0.023570                       0.045833                      
64         64000000   0.046935                       0.091265                      
128        128000000  0.093188                       0.185772                      
256        256000000  0.188966                       0.372359                      
512        512000000  0.378058                       0.744874                      
1024       1024000000 0.784095                       1.462300                      
